lag=0 width=4.408121537430363935e-13 active=[2]
lag=1 width=1.081008050907062577e-13 active=[2]
lag=2 width=1.102453543240245922e-13 active=[2, 3]
lag=3 width=2.822043152468793199e-13 active=[2, 3, 4]
lag=4 width=2.797895889740671803e-13 active=[2, 3, 4, 5]
lag=5 width=2.797895889740671803e-13 active=[2, 3, 4, 5, 7]
lag=6 width=2.797895889740671803e-13 active=[2, 3, 4, 5, 7, 8, 9]
lag=7 width=2.797895889740671803e-13 active=[3, 4, 5, 7, 8, 9, 11]
lag=8 width=2.797895889740671803e-13 active=[3, 4, 5, 7, 8, 9, 11, 13]
lag=9 width=2.797895889740671803e-13 active=[4, 5, 7, 8, 9, 11, 13, 16, 17]
lag=10 width=2.797895889740671803e-13 active=[5, 7, 8, 9, 11, 13, 16, 17, 19, 23]
lag=11 width=2.797895889740671803e-13 active=[7, 8, 9, 11, 13, 16, 17, 19, 23, 25, 27, 29]
lag=12 width=2.797895889740671803e-13 active=[7, 8, 9, 11, 13, 16, 17, 19, 23, 25, 27, 29, 31, 32, 37]
lag=13 width=2.797895889740671803e-13 active=[9, 11, 13, 16, 17, 19, 23, 25, 27, 29, 31, 32, 37, 41, 43]
lag=14 width=2.797895889740671803e-13 active=[11, 13, 16, 17, 19, 23, 25, 27, 29, 31, 32, 37, 41, 43, 47, 49, 53]
/mnt/data/RH_W_09_工程包_v0.1/continuation_15x15_interval.json
